1
114
227
340
453
566
679
792
905
1018
1131
1244
1357
1470
1583
1696
1809
1922
2035
2148
2261
2374
2487
2600
2713
2826
2939
3052
3165
3278
3391
3504
3617
3730
3843
3956
4069
4182
4295
4408
4521
4634
4747
4860
4973
5086
5199
5312
5425
5538
5651
5764
5877
5990
6103
6216
6329
6442
6555
6668
6781
6894
7007
7120
7233
7346
7459
7572
7685
7798
7911
8024
8137
8250
8363
8476
8589
8702
8815
8928
9041
9154
9267
9380
9493
9606
9719
9832
9945
10058
10171
10284
10397
10510
10623
10736
10849
10962
11075
11188
11301
11414
11527
11640
11753
11866
11979
12092
12205
12318
12431
12544
12657
12770
12883
12996
13109
13222
13335
13448
13561
13674
13787
13900
14013
14126
14239
14352
14465
14578
14691
14804
14917
15030
15143
15256
15369
15482
15595
15708
15821
15934
16047
16160
16273
16386
16499
16612
16725
16838
16951
17064
17177
17290
17403
17516
17629
17742
17855
17968
18081
18194
18307
18420
18533
18646
18759
18872
18985
19098
19211
19324
19437
19550
19663
19776
19889
20002
20115
20228
20341
20454
20567
20680
20793
20906
21019
21132
21245
21358
21471
21584
21697
21810
21923
22036
22149
22262
22375
22488
22601
22714
22827
22940
23053
23166
23279
23392
23505
23618
23731
23844
23957
24070
24183
24296
24409
24522
24635
24748
24861
24974
25087
25200
25313
25426
25539
25652
25765
25878
25991
26104
26217
26330
26443
26556
26669
26782
26895
27008
27121
27234
27347
27460
27573
27686
27799
27912
28025
28138
28251
28364
28477
28590
28703
28816
28929
29042
29155
29268
29381
29494
29607
29720
29833
29946
30059
30172
30285
30398
30511
30624
30737
30850
30963
31076
31189
31302
31415
31528
31641
31754
31867
31980
32093
32206
32319
32432
32545
32658
32771
32884
32997
33110
33223
33336
33449
33562
33675
33788
33901
34014
34127
34240
34353
34466
34579
34692
34805
34918
35031
35144
35257
35370
35483
35596
35709
35822
35935
36048
36161
36274
36387
36500
36613
36726
36839
36952
37065
37178
37291
37404
37517
37630
37743
37856
37969
38082
38195
38308
38421
38534
38647
38760
38873
38986
39099
39212
39325
39438
39551
39664
39777
39890
40003
40116
40229
40342
40455
40568
40681
40794
40907
41020
41133
41246
41359
41472
41585
41698
41811
41924
42037
42150
42263
42376
42489
42602
42715
42828
42941
43054
43167
43280
43393
43506
43619
43732
43845
43958
44071
44184
44297
44410
44523
44636
44749
44862
44975
45088
45201
45314
45427
45540
45653
45766
45879
45992
46105
46218
46331
46444
46557
46670
46783
46896
47009
47122
47235
47348
47461
47574
47687
47800
47913
48026
48139
48252
48365
48478
48591
48704
48817
48930
49043
49156
49269
49382
49495
49608
49721
49834
49947
50060
50173
50286
50399
50512
50625
50738
50851
50964
51077
51190
51303
51416
51529
51642
51755
51868
51981
52094
52207
52320
52433
52546
52659
52772
52885
52998
53111
53224
53337
53450
53563
53676
53789
53902
54015
54128
54241
54354
54467
54580
54693
54806
54919
55032
55145
55258
55371
55484
55597
55710
55823
55936
56049
56162
56275
56388
56501
56614
56727
56840
56953
57066
57179
57292
57405
57518
57631
57744
57857
57970
58083
58196
58309
58422
58535
58648
58761
58874
58987
59100
59213
59326
59439
59552
59665
59778
59891
60004
60117
60230
60343
60456
60569
60682
60795
60908
61021
61134
61247
61360
61473
61586
61699
61812
61925
62038
62151
62264
62377
62490
62603
62716
62829
62942
63055
63168
63281
63394
63507
63620
63733
63846
63959
64072
64185
64298
64411
64524
64637
64750
64863
64976
65089
65202
65315
65428
65541
65654
65767
65880
65993
66106
66219
66332
66445
66558
66671
66784
66897
67010
67123
67236
67349
67462
67575
67688
67801
67914
68027
68140
68253
68366
68479
68592
68705
68818
68931
69044
69157
69270
69383
69496
69609
69722
69835
69948
70061
70174
70287
70400
70513
70626
70739
70852
70965
71078
71191
71304
71417
71530
71643
71756
71869
71982
72095
72208
72321
72434
72547
72660
72773
72886
72999
73112
73225
73338
73451
73564
73677
73790
73903
74016
74129
74242
74355
74468
74581
74694
74807
74920
75033
75146
75259
75372
75485
75598
75711
75824
75937
76050
76163
76276
76389
76502
76615
76728
76841
76954
77067
77180
77293
77406
77519
77632
77745
77858
77971
78084
78197
78310
78423
78536
78649
78762
78875
78988
79101
79214
79327
79440
79553
79666
79779
79892
80005
80118
80231
80344
80457
80570
80683
80796
80909
81022
81135
81248
81361
81474
81587
81700
81813
81926
82039
82152
82265
82378
82491
82604
82717
82830
82943
83056
83169
83282
83395
83508
83621
83734
83847
83960
84073
84186
84299
84412
84525
84638
84751
84864
84977
85090
85203
85316
85429
85542
85655
85768
85881
85994
86107
86220
86333
86446
86559
86672
86785
86898
87011
87124
87237
87350
87463
87576
87689
87802
87915
88028
88141
88254
88367
88480
88593
88706
88819
88932
89045
89158
89271
89384
89497
89610
89723
89836
89949
90062
90175
90288
90401
90514
90627
90740
90853
90966
91079
91192
91305
91418
91531
91644
91757
91870
91983
92096
92209
92322
92435
92548
92661
92774
92887
93000
93113
93226
93339
93452
93565
93678
93791
93904
94017
94130
94243
94356
94469
94582
94695
94808
94921
95034
95147
95260
95373
95486
95599
95712
95825
95938
96051
96164
96277
96390
96503
96616
96729
96842
96955
97068
97181
97294
97407
97520
97633
97746
97859
97972
98085
98198
98311
98424
98537
98650
98763
98876
98989
99102
99215
99328
99441
99554
99667
99780
99893
100006
100119
100232
100345
100458
100571
100684
100797
100910
101023
101136
101249
101362
101475
101588
101701
101814
101927
102040
102153
102266
102379
102492
102605
102718
102831
102944
103057
103170
103283
103396
103509
103622
103735
103848
103961
104074
104187
104300
104413
104526
104639
104752
104865
104978
105091
105204
105317
105430
105543
105656
105769
105882
105995
106108
106221
106334
106447
106560
106673
106786
106899
107012
107125
107238
107351
107464
107577
107690
107803
107916
108029
108142
108255
108368
108481
108594
108707
108820
108933
109046
109159
109272
109385
109498
109611
109724
109837
109950
110063
110176
110289
110402
110515
110628
110741
110854
110967
111080
111193
111306
111419
111532
111645
111758
111871
111984
112097
112210
112323
112436
112549
112662
112775
112888
113001
113114
113227
113340
113453
113566
113679
113792
113905
114018
114131
114244
114357
114470
114583
114696
114809
114922
115035
115148
115261
115374
115487
115600
115713
115826
115939
116052
116165
116278
116391
116504
116617
116730
116843
116956
117069
117182
117295
117408
117521
117634
117747
117860
117973
118086
118199
118312
118425
118538
118651
118764
118877
118990
119103
119216
119329
119442
119555
119668
119781
119894
120007
120120
120233
120346
120459
120572
120685
120798
120911
121024
121137
121250
121363
121476
121589
121702
121815
121928
122041
122154
122267
122380
122493
122606
122719
122832
122945
123058
123171
123284
123397
123510
123623
123736
123849
123962
124075
124188
124301
124414
124527
124640
124753
124866
124979
125092
125205
125318
125431
125544
125657
125770
125883
125996
126109
126222
126335
126448
126561
126674
126787
126900
127013
127126
127239
127352
127465
127578
127691
127804
127917
128030
128143
128256
128369
128482
128595
128708
128821
128934
129047
129160
129273
129386
129499
129612
129725
129838
129951
130064
130177
130290
130403
130516
130629
130742
130855
130968
131081
131194
131307
131420
131533
131646
131759
131872
131985
132098
132211
132324
132437
132550
132663
132776
132889
133002
133115
133228
133341
133454
133567
133680
133793
133906
134019
134132
134245
134358
134471
134584
134697
134810
134923
135036
135149
135262
135375
135488
135601
135714
135827
135940
136053
136166
136279
136392
136505
136618
136731
136844
136957
137070
137183
137296
137409
137522
137635
137748
137861
137974
138087
138200
138313
138426
138539
138652
138765
138878
138991
139104
139217
139330
139443
139556
139669
139782
139895
140008
140121
140234
140347
140460
140573
140686
140799
140912
141025
141138
141251
141364
141477
141590
141703
141816
141929
142042
142155
142268
142381
142494
142607
142720
142833
142946
143059
143172
143285
143398
143511
143624
143737
143850
143963
144076
144189
144302
144415
144528
144641
144754
144867
144980
145093
145206
145319
145432
145545
145658
145771
145884
145997
146110
146223
146336
146449
146562
146675
146788
146901
147014
147127
147240
147353
147466
147579
147692
147805
147918
148031
148144
148257
148370
148483
148596
148709
148822
148935
149048
149161
149274
149387
149500
149613
149726
149839
149952
150065
150178
150291
150404
150517
150630
150743
150856
150969
151082
151195
151308
151421
151534
151647
151760
151873
151986
152099
152212
152325
152438
152551
152664
152777
152890
153003
153116
153229
153342
153455
153568
153681
153794
153907
154020
154133
154246
154359
154472
154585
154698
154811
154924
155037
155150
155263
155376
155489
155602
155715
155828
155941
156054
156167
156280
156393
156506
156619
156732
156845
156958
157071
157184
157297
157410
157523
157636
157749
157862
157975
158088
158201
158314
158427
158540
158653
158766
158879
158992
159105
159218
159331
159444
159557
159670
159783
159896
160009
160122
160235
160348
160461
160574
160687
160800
160913
161026
161139
161252
161365
161478
161591
161704
161817
161930
162043
162156
162269
162382
162495
162608
162721
162834
162947
163060
163173
163286
163399
163512
163625
163738
163851
163964
164077
164190
164303
164416
164529
164642
164755
164868
164981
165094
165207
165320
165433
165546
165659
165772
165885
165998
166111
166224
166337
166450
166563
166676
166789
166902
167015
167128
167241
167354
167467
167580
167693
167806
167919
168032
168145
168258
168371
168484
168597
168710
168823
168936
169049
169162
169275
169388
169501
169614
169727
169840
169953
170066
170179
170292
170405
170518
170631
170744
170857
170970
171083
171196
171309
171422
171535
171648
171761
171874
171987
172100
172213
172326
172439
172552
172665
172778
172891
173004
173117
173230
173343
173456
173569
173682
173795
173908
174021
174134
174247
174360
174473
174586
174699
174812
174925
175038
175151
175264
175377
175490
175603
175716
175829
175942
176055
176168
176281
176394
176507
176620
176733
176846
176959
177072
177185
177298
177411
177524
177637
177750
177863
177976
178089
178202
178315
178428
178541
178654
178767
178880
178993
179106
179219
179332
179445
179558
179671
179784
179897
180010
180123
180236
180349
180462
180575
180688
180801
180914
181027
181140
181253
181366
181479
181592
181705
181818
181931
182044
182157
182270
182383
182496
182609
182722
182835
182948
183061
183174
183287
183400
183513
183626
183739
183852
183965
184078
184191
184304
184417
184530
184643
184756
184869
184982
185095
185208
185321
185434
185547
185660
185773
185886
185999
186112
186225
186338
186451
186564
186677
186790
186903
187016
187129
187242
187355
187468
187581
187694
187807
187920
188033
188146
188259
188372
188485
188598
188711
188824
188937
189050
189163
189276
189389
189502
189615
189728
189841
189954
190067
190180
190293
190406
190519
190632
190745
190858
190971
191084
191197
191310
191423
191536
191649
191762
191875
191988
192101
192214
192327
192440
192553
192666
192779
192892
193005
193118
193231
193344
193457
193570
193683
193796
193909
194022
194135
194248
194361
194474
194587
194700
194813
194926
195039
195152
195265
195378
195491
195604
195717
195830
195943
196056
196169
196282
196395
196508
196621
196734
196847
196960
197073
197186
197299
197412
197525
197638
197751
197864
197977
198090
198203
198316
198429
198542
198655
198768
198881
198994
199107
199220
199333
199446
199559
199672
199785
199898
200011
200124
200237
200350
200463
200576
200689
200802
200915
201028
201141
201254
201367
201480
201593
201706
201819
201932
202045
202158
202271
202384
202497
202610
202723
202836
202949
203062
203175
203288
203401
203514
203627
203740
203853
203966
204079
204192
204305
204418
204531
204644
204757
204870
204983
205096
205209
205322
205435
205548
205661
205774
205887
206000
206113
206226
206339
206452
206565
206678
206791
206904
207017
207130
207243
207356
207469
207582
207695
207808
207921
208034
208147
208260
208373
208486
208599
208712
208825
208938
209051
209164
209277
209390
209503
209616
209729
209842
209955
210068
210181
210294
210407
210520
210633
210746
210859
210972
211085
211198
211311
211424
211537
211650
211763
211876
211989
212102
212215
212328
212441
212554
212667
212780
212893
213006
213119
213232
213345
213458
213571
213684
213797
213910
214023
214136
214249
214362
214475
214588
214701
214814
214927
215040
215153
215266
215379
215492
215605
215718
215831
215944
216057
216170
216283
216396
216509
216622
216735
216848
216961
217074
217187
217300
217413
217526
217639
217752
217865
217978
218091
218204
218317
218430
218543
218656
218769
218882
218995
219108
219221
219334
219447
219560
219673
219786
219899
220012
220125
220238
220351
220464
220577
220690
220803
220916
221029
221142
221255
221368
221481
221594
221707
221820
221933
222046
222159
222272
222385
222498
222611
222724
222837
222950
223063
223176
223289
223402
223515
223628
223741
223854
223967
224080
224193
224306
224419
224532
224645
224758
224871
224984
225097
225210
225323
225436
225549
225662
225775
225888
226001
226114
226227
226340
226453
226566
226679
226792
226905
227018
227131
227244
227357
227470
227583
227696
227809
227922
228035
228148
228261
228374
228487
228600
228713
228826
228939
229052
229165
229278
229391
229504
229617
229730
229843
229956
230069
230182
230295
230408
230521
230634
230747
230860
230973
231086
231199
231312
231425
231538
231651
231764
231877
231990
232103
232216
232329
232442
232555
232668
232781
232894
233007
233120
233233
233346
233459
233572
233685
233798
233911
234024
234137
234250
234363
234476
234589
234702
234815
234928
235041
235154
235267
235380
235493
235606
235719
235832
235945
236058
236171
236284
236397
236510
236623
236736
236849
236962
237075
237188
237301
237414
237527
237640
237753
237866
237979
238092
238205
238318
238431
238544
238657
238770
238883
238996
239109
239222
239335
239448
239561
239674
239787
239900
240013
240126
240239
240352
240465
240578
240691
240804
240917
241030
241143
241256
241369
241482
241595
241708
241821
241934
242047
242160
242273
242386
242499
242612
242725
242838
242951
243064
243177
243290
243403
243516
243629
243742
243855
243968
244081
244194
244307
244420
244533
244646
244759
244872
244985
245098
245211
245324
245437
245550
245663
245776
245889
246002
246115
246228
246341
246454
246567
246680
246793
246906
247019
247132
247245
247358
247471
247584
247697
247810
247923
248036
248149
248262
248375
248488
248601
248714
248827
248940
249053
249166
249279
249392
249505
249618
249731
249844
249957
250070
250183
250296
250409
250522
250635
250748
250861
250974
251087
251200
251313
251426
251539
251652
251765
251878
251991
252104
252217
252330
252443
252556
252669
252782
252895
253008
253121
253234
253347
253460
253573
253686
253799
253912
254025
254138
254251
254364
254477
254590
254703
254816
254929
255042
255155
255268
255381
255494
255607
255720
255833
255946
256059
256172
256285
256398
256511
256624
256737
256850
256963
257076
257189
257302
257415
257528
257641
257754
257867
257980
258093
258206
258319
258432
258545
258658
258771
258884
258997
259110
259223
259336
259449
259562
259675
259788
259901
260014
260127
260240
260353
260466
260579
260692
260805
260918
261031
261144
261257
261370
261483
261596
261709
261822
261935
262048
262161
262274
262387
262500
262613
262726
262839
262952
263065
263178
263291
263404
263517
263630
263743
263856
263969
264082
264195
264308
264421
264534
264647
264760
264873
264986
265099
265212
265325
265438
265551
265664
265777
265890
266003
266116
266229
266342
266455
266568
266681
266794
266907
267020
267133
267246
267359
267472
267585
267698
267811
267924
268037
268150
268263
268376
268489
268602
268715
268828
268941
269054
269167
269280
269393
269506
269619
269732
269845
269958
270071
270184
270297
270410
270523
270636
270749
270862
270975
271088
271201
271314
271427
271540
271653
271766
271879
271992
272105
272218
272331
272444
272557
272670
272783
272896
273009
273122
273235
273348
273461
273574
273687
273800
273913
274026
274139
274252
274365
274478
274591
274704
274817
274930
275043
275156
275269
275382
275495
275608
275721
275834
275947
276060
276173
276286
276399
276512
276625
276738
276851
276964
277077
277190
277303
277416
277529
277642
277755
277868
277981
278094
278207
278320
278433
278546
278659
278772
278885
278998
279111
279224
279337
279450
279563
279676
279789
279902
280015
280128
280241
280354
280467
280580
280693
280806
280919
281032
281145
281258
281371
281484
281597
281710
281823
281936
282049
282162
282275
282388
282501
282614
282727
282840
282953
283066
283179
283292
283405
283518
283631
283744
283857
283970
284083
284196
284309
284422
284535
284648
284761
284874
284987
285100
285213
285326
285439
285552
285665
285778
285891
286004
286117
286230
286343
286456
286569
286682
286795
286908
287021
287134
287247
287360
287473
287586
287699
287812
287925
288038
288151
288264
288377
288490
288603
288716
288829
288942
289055
289168
289281
289394
289507
289620
289733
289846
289959
290072
290185
290298
290411
290524
290637
290750
290863
290976
291089
291202
291315
291428
291541
291654
291767
291880
291993
292106
292219
292332
292445
292558
292671
292784
292897
293010
293123
293236
293349
293462
293575
293688
293801
293914
294027
294140
294253
294366
294479
294592
294705
294818
294931
295044
295157
295270
295383
295496
295609
295722
295835
295948
296061
296174
296287
296400
296513
296626
296739
296852
296965
297078
297191
297304
297417
297530
297643
297756
297869
297982
298095
298208
298321
298434
298547
298660
298773
298886
298999
299112
299225
299338
299451
299564
299677
299790
299903
300016
300129
300242
300355
300468
300581
300694
300807
300920
301033
301146
301259
301372
301485
301598
301711
301824
301937
302050
302163
302276
302389
302502
302615
302728
302841
302954
303067
303180
303293
303406
303519
303632
303745
303858
303971
304084
304197
304310
304423
304536
304649
304762
304875
304988
305101
305214
305327
305440
305553
305666
305779
305892
306005
306118
306231
306344
306457
306570
306683
306796
306909
307022
307135
307248
307361
307474
307587
307700
307813
307926
308039
308152
308265
308378
308491
308604
308717
308830
308943
309056
309169
309282
309395
309508
309621
309734
309847
309960
310073
310186
310299
310412
310525
310638
310751
310864
310977
311090
311203
311316
311429
311542
311655
311768
311881
311994
312107
312220
312333
312446
312559
312672
312785
312898
313011
313124
313237
313350
313463
313576
313689
313802
313915
314028
314141
314254
314367
314480
314593
314706
314819
314932
315045
315158
315271
315384
315497
315610
315723
315836
315949
316062
316175
316288
316401
316514
316627
316740
316853
316966
317079
317192
317305
317418
317531
317644
317757
317870
317983
318096
318209
318322
318435
318548
318661
318774
318887
319000
319113
319226
319339
319452
319565
319678
319791
319904
320017
320130
320243
320356
320469
320582
320695
320808
320921
321034
321147
321260
321373
321486
321599
321712
321825
321938
322051
322164
322277
322390
322503
322616
322729
322842
322955
323068
323181
323294
323407
323520
323633
323746
323859
323972
324085
324198
324311
324424
324537
324650
324763
324876
324989
325102
325215
325328
325441
325554
325667
325780
325893
326006
326119
326232
326345
326458
326571
326684
326797
326910
327023
327136
327249
327362
327475
327588
327701
327814
327927
328040
328153
328266
328379
328492
328605
328718
328831
328944
329057
329170
329283
329396
329509
329622
329735
329848
329961
330074
330187
330300
330413
330526
330639
330752
330865
330978
331091
331204
331317
331430
331543
331656
331769
331882
331995
332108
332221
332334
332447
332560
332673
332786
332899
333012
333125
333238
333351
333464
333577
333690
333803
333916
334029
334142
334255
334368
334481
334594
334707
334820
334933
335046
335159
335272
335385
335498
335611
335724
335837
335950
336063
336176
336289
336402
336515
336628
336741
336854
336967
337080
337193
337306
337419
337532
337645
337758
337871
337984
338097
338210
338323
338436
338549
338662
338775
338888
339001
339114
339227
339340
339453
339566
339679
339792
339905
340018
340131
340244
340357
340470
340583
340696
340809
340922
341035
341148
341261
341374
341487
341600
341713
341826
341939
342052
342165
342278
342391
342504
342617
342730
342843
342956
343069
343182
343295
343408
343521
343634
343747
343860
343973
344086
344199
344312
344425
344538
344651
344764
344877
344990
345103
345216
345329
345442
345555
345668
345781
345894
346007
346120
346233
346346
346459
346572
346685
346798
346911
347024
347137
347250
347363
347476
347589
347702
347815
347928
348041
348154
348267
348380
348493
348606
348719
348832
348945
349058
349171
349284
349397
349510
349623
349736
349849
349962
350075
350188
350301
350414
350527
350640
350753
350866
350979
351092
351205
351318
351431
351544
351657
351770
351883
351996
352109
352222
352335
352448
352561
352674
352787
352900
353013
353126
353239
353352
353465
353578
353691
353804
353917
354030
354143
354256
354369
354482
354595
354708
354821
354934
355047
355160
355273
355386
355499
355612
355725
355838
355951
356064
356177
356290
356403
356516
356629
356742
356855
356968
357081
357194
357307
357420
357533
357646
357759
357872
357985
358098
358211
358324
358437
358550
358663
358776
358889
359002
359115
359228
359341
359454
359567
359680
359793
359906
360019
360132
360245
360358
360471
360584
360697
360810
360923
361036
361149
361262
361375
361488
361601
361714
361827
361940
362053
362166
362279
362392
362505
362618
362731
362844
362957
363070
363183
363296
363409
363522
363635
363748
363861
363974
364087
364200
364313
364426
364539
364652
364765
364878
364991
365104
365217
365330
365443
365556
365669
365782
365895
366008
366121
366234
366347
366460
366573
366686
366799
366912
367025
367138
367251
367364
367477
367590
367703
367816
367929
368042
368155
368268
368381
368494
368607
368720
368833
368946
369059
369172
369285
369398
369511
369624
369737
369850
369963
370076
370189
370302
370415
370528
370641
370754
370867
370980
371093
371206
371319
371432
371545
371658
371771
371884
371997
372110
372223
372336
372449
372562
372675
372788
372901
373014
373127
373240
373353
373466
373579
373692
373805
373918
374031
374144
374257
374370
374483
374596
374709
374822
374935
375048
375161
375274
375387
375500
375613
375726
375839
375952
376065
376178
376291
376404
376517
376630
376743
376856
376969
377082
377195
377308
377421
377534
377647
377760
377873
377986
378099
378212
378325
378438
378551
378664
378777
378890
379003
379116
379229
379342
379455
379568
379681
379794
379907
380020
380133
380246
380359
380472
380585
380698
380811
380924
381037
381150
381263
381376
381489
381602
381715
381828
381941
382054
382167
382280
382393
382506
382619
382732
382845
382958
383071
383184
383297
383410
383523
383636
383749
383862
383975
384088
384201
384314
384427
384540
384653
384766
384879
384992
385105
385218
385331
385444
385557
385670
385783
385896
386009
386122
386235
386348
386461
386574
386687
386800
386913
387026
387139
387252
387365
387478
387591
387704
387817
387930
388043
388156
388269
388382
388495
388608
388721
388834
388947
389060
389173
389286
389399
389512
389625
389738
389851
389964
390077
390190
390303
390416
390529
390642
390755
390868
390981
391094
391207
391320
391433
391546
391659
391772
391885
391998
392111
392224
392337
392450
392563
392676
392789
392902
393015
393128
393241
393354
393467
393580
393693
393806
393919
394032
394145
394258
394371
394484
394597
394710
394823
394936
395049
395162
395275
395388
395501
395614
395727
395840
395953
396066
396179
396292
396405
396518
396631
396744
396857
396970
397083
397196
397309
397422
397535
397648
397761
397874
397987
398100
398213
398326
398439
398552
398665
398778
398891
399004
399117
399230
399343
399456
399569
399682
399795
399908
400021
400134
400247
400360
400473
400586
400699
400812
400925
401038
401151
401264
401377
401490
401603
401716
401829
401942
402055
402168
402281
402394
402507
402620
402733
402846
402959
403072
403185
403298
403411
403524
403637
403750
403863
403976
404089
404202
404315
404428
404541
404654
404767
404880
404993
405106
405219
405332
405445
405558
405671
405784
405897
406010
406123
406236
406349
406462
406575
406688
406801
406914
407027
407140
407253
407366
407479
407592
407705
407818
407931
408044
408157
408270
408383
408496
408609
408722
408835
408948
409061
409174
409287
409400
409513
409626
409739
409852
409965
410078
410191
410304
410417
410530
410643
410756
410869
410982
411095
411208
411321
411434
411547
411660
411773
411886
411999
412112
412225
412338
412451
412564
412677
412790
412903
413016
413129
413242
413355
413468
413581
413694
413807
413920
414033
414146
414259
414372
414485
414598
414711
414824
414937
415050
415163
415276
415389
415502
415615
415728
415841
415954
416067
416180
416293
416406
416519
416632
416745
416858
416971
417084
417197
417310
417423
417536
417649
417762
417875
417988
418101
418214
418327
418440
418553
418666
418779
418892
419005
419118
419231
419344
419457
419570
419683
419796
419909
420022
420135
420248
420361
420474
420587
420700
420813
420926
421039
421152
421265
421378
421491
421604
421717
421830
421943
422056
422169
422282
422395
422508
422621
422734
422847
422960
423073
423186
423299
423412
423525
423638
423751
423864
423977
424090
424203
424316
424429
424542
424655
424768
424881
424994
425107
425220
425333
425446
425559
425672
425785
425898
426011
426124
426237
426350
426463
426576
426689
426802
426915
427028
427141
427254
427367
427480
427593
427706
427819
427932
428045
428158
428271
428384
428497
428610
428723
428836
428949
429062
429175
429288
429401
429514
429627
429740
429853
429966
430079
430192
430305
430418
430531
430644
430757
430870
430983
431096
431209
431322
431435
431548
431661
431774
431887
432000
432113
432226
432339
432452
432565
432678
432791
432904
433017
433130
433243
433356
433469
433582
433695
433808
433921
434034
434147
434260
434373
434486
434599
434712
434825
434938
435051
435164
435277
435390
435503
435616
435729
435842
435955
436068
436181
436294
436407
436520
436633
436746
436859
436972
437085
437198
437311
437424
437537
437650
437763
437876
437989
438102
438215
438328
438441
438554
438667
438780
438893
439006
439119
439232
439345
439458
439571
439684
439797
439910
440023
440136
440249
440362
440475
440588
440701
440814
440927
441040
441153
441266
441379
441492
441605
441718
441831
441944
442057
442170
442283
442396
442509
442622
442735
442848
442961
443074
443187
443300
443413
443526
443639
443752
443865
443978
444091
444204
444317
444430
444543
444656
444769
444882
444995
445108
445221
445334
445447
445560
445673
445786
445899
446012
446125
446238
446351
446464
446577
446690
446803
446916
447029
447142
447255
447368
447481
447594
447707
447820
447933
448046
448159
448272
448385
448498
448611
448724
448837
448950
449063
449176
449289
449402
449515
449628
449741
449854
449967
450080
450193
450306
450419
450532
450645
450758
450871
450984
451097
451210
451323
451436
451549
451662
451775
451888
452001
452114
452227
452340
452453
452566
452679
452792
452905
453018
453131
453244
453357
453470
453583
453696
453809
453922
454035
454148
454261
454374
454487
454600
454713
454826
454939
455052
455165
455278
455391
455504
455617
455730
455843
455956
456069
456182
456295
456408
456521
456634
456747
456860
456973
457086
457199
457312
457425
457538
457651
457764
457877
457990
458103
458216
458329
458442
458555
458668
458781
458894
459007
459120
459233
459346
459459
459572
459685
459798
459911
460024
460137
460250
460363
460476
460589
460702
460815
460928
461041
461154
461267
461380
461493
461606
461719
461832
461945
462058
462171
462284
462397
462510
462623
462736
462849
462962
463075
463188
463301
463414
463527
463640
463753
463866
463979
464092
464205
464318
464431
464544
464657
464770
464883
464996
465109
465222
465335
465448
465561
465674
465787
465900
466013
466126
466239
466352
466465
466578
466691
466804
466917
467030
467143
467256
467369
467482
467595
467708
467821
467934
468047
468160
468273
468386
468499
468612
468725
468838
468951
469064
469177
469290
469403
469516
469629
469742
469855
469968
470081
470194
470307
470420
470533
470646
470759
470872
470985
471098
471211
471324
471437
471550
471663
471776
471889
472002
472115
472228
472341
472454
472567
472680
472793
472906
473019
473132
473245
473358
473471
473584
473697
473810
473923
474036
474149
474262
474375
474488
474601
474714
474827
474940
475053
475166
475279
475392
475505
475618
475731
475844
475957
476070
476183
476296
476409
476522
476635
476748
476861
476974
477087
477200
477313
477426
477539
477652
477765
477878
477991
478104
478217
478330
478443
478556
478669
478782
478895
479008
479121
479234
479347
479460
479573
479686
479799
479912
480025
480138
480251
480364
480477
480590
480703
480816
480929
481042
481155
481268
481381
481494
481607
481720
481833
481946
482059
482172
482285
482398
482511
482624
482737
482850
482963
483076
483189
483302
483415
483528
483641
483754
483867
483980
484093
484206
484319
484432
484545
484658
484771
484884
484997
485110
485223
485336
485449
485562
485675
485788
485901
486014
486127
486240
486353
486466
486579
486692
486805
486918
487031
487144
487257
487370
487483
487596
487709
487822
487935
488048
488161
488274
488387
488500
488613
488726
488839
488952
489065
489178
489291
489404
489517
489630
489743
489856
489969
490082
490195
490308
490421
490534
490647
490760
490873
490986
491099
491212
491325
491438
491551
491664
491777
491890
492003
492116
492229
492342
492455
492568
492681
492794
492907
493020
493133
493246
493359
493472
493585
493698
493811
493924
494037
494150
494263
494376
494489
494602
494715
494828
494941
495054
495167
495280
495393
495506
495619
495732
495845
495958
496071
496184
496297
496410
496523
496636
496749
496862
496975
497088
497201
497314
497427
497540
497653
497766
497879
497992
498105
498218
498331
498444
498557
498670
498783
498896
499009
499122
499235
499348
499461
499574
499687
499800
499913
500026
500139
500252
500365
500478
500591
500704
500817
500930
501043
501156
501269
501382
501495
501608
501721
501834
501947
502060
502173
502286
502399
502512
502625
502738
502851
502964
503077
503190
503303
503416
503529
503642
503755
503868
503981
504094
504207
504320
504433
504546
504659
504772
504885
504998
505111
505224
505337
505450
505563
505676
505789
505902
506015
506128
506241
506354
506467
506580
506693
506806
506919
507032
507145
507258
507371
507484
507597
507710
507823
507936
508049
508162
508275
508388
508501
508614
508727
508840
508953
509066
509179
509292
509405
509518
509631
509744
509857
509970
510083
510196
510309
510422
510535
510648
510761
510874
510987
511100
511213
511326
511439
511552
511665
511778
511891
512004
512117
512230
512343
512456
512569
512682
512795
512908
513021
513134
513247
513360
513473
513586
513699
513812
513925
514038
514151
514264
514377
514490
514603
514716
514829
514942
515055
515168
515281
515394
515507
515620
515733
515846
515959
516072
516185
516298
516411
516524
516637
516750
516863
516976
517089
517202
517315
517428
517541
517654
517767
517880
517993
518106
518219
518332
518445
518558
518671
518784
518897
519010
519123
519236
519349
519462
519575
519688
519801
519914
520027
520140
520253
520366
520479
520592
520705
520818
520931
521044
521157
521270
521383
521496
521609
521722
521835
521948
522061
522174
522287
522400
522513
522626
522739
522852
522965
523078
523191
523304
523417
523530
523643
523756
523869
523982
524095
524208
524321
524434
524547
524660
524773
524886
524999
525112
525225
525338
525451
525564
525677
525790
525903
526016
526129
526242
526355
526468
526581
526694
526807
526920
527033
527146
527259
527372
527485
527598
527711
527824
527937
528050
528163
528276
528389
528502
528615
528728
528841
528954
529067
529180
529293
529406
529519
529632
529745
529858
529971
530084
530197
530310
530423
530536
530649
530762
530875
530988
531101
531214
531327
531440
531553
531666
531779
531892
532005
532118
532231
532344
532457
532570
532683
532796
532909
533022
533135
533248
533361
533474
533587
533700
533813
533926
534039
534152
534265
534378
534491
534604
534717
534830
534943
535056
535169
535282
535395
535508
535621
535734
535847
535960
536073
536186
536299
536412
536525
536638
536751
536864
536977
537090
537203
537316
537429
537542
537655
537768
537881
537994
538107
538220
538333
538446
538559
538672
538785
538898
539011
539124
539237
539350
539463
539576
539689
539802
539915
540028
540141
540254
540367
540480
540593
540706
540819
540932
541045
541158
541271
541384
541497
541610
541723
541836
541949
542062
542175
542288
542401
542514
542627
542740
542853
542966
543079
543192
543305
543418
543531
543644
543757
543870
543983
544096
544209
544322
544435
544548
544661
544774
544887
545000
545113
545226
545339
545452
545565
545678
545791
545904
546017
546130
546243
546356
546469
546582
546695
546808
546921
547034
547147
547260
547373
547486
547599
547712
547825
547938
548051
548164
548277
548390
548503
548616
548729
548842
548955
549068
549181
549294
549407
549520
549633
549746
549859
549972
550085
550198
550311
550424
550537
550650
550763
550876
550989
551102
551215
551328
551441
551554
551667
551780
551893
552006
552119
552232
552345
552458
552571
552684
552797
552910
553023
553136
553249
553362
553475
553588
553701
553814
553927
554040
554153
554266
554379
554492
554605
554718
554831
554944
555057
555170
555283
555396
555509
555622
555735
555848
555961
556074
556187
556300
556413
556526
556639
556752
556865
556978
557091
557204
557317
557430
557543
557656
557769
557882
557995
558108
558221
558334
558447
558560
558673
558786
558899
559012
559125
559238
559351
559464
559577
559690
559803
559916
560029
560142
560255
560368
560481
560594
560707
560820
560933
561046
561159
561272
561385
561498
561611
561724
561837
561950
562063
562176
562289
562402
562515
562628
562741
562854
562967
563080
563193
563306
563419
563532
563645
563758
563871
563984
564097
564210
564323
564436
564549
564662
564775
564888
565001
565114
565227
565340
565453
565566
565679
565792
565905
566018
566131
566244
566357
566470
566583
566696
566809
566922
567035
567148
567261
567374
567487
567600
567713
567826
567939
568052
568165
568278
568391
568504
568617
568730
568843
568956
569069
569182
569295
569408
569521
569634
569747
569860
569973
570086
570199
570312
570425
570538
570651
570764
570877
570990
571103
571216
571329
571442
571555
571668
571781
571894
572007
572120
572233
572346
572459
572572
572685
572798
572911
573024
573137
573250
573363
573476
573589
573702
573815
573928
574041
574154
574267
574380
574493
574606
574719
574832
574945
575058
575171
575284
575397
575510
575623
575736
575849
575962
576075
576188
576301
576414
576527
576640
576753
576866
576979
577092
577205
577318
577431
577544
577657
577770
577883
577996
578109
578222
578335
578448
578561
578674
578787
578900
579013
579126
579239
579352
579465
579578
579691
579804
579917
580030
580143
580256
580369
580482
580595
580708
580821
580934
581047
581160
581273
581386
581499
581612
581725
581838
581951
582064
582177
582290
582403
582516
582629
582742
582855
582968
583081
583194
583307
583420
583533
583646
583759
583872
583985
584098
584211
584324
584437
584550
584663
584776
584889
585002
585115
585228
585341
585454
585567
585680
585793
585906
586019
586132
586245
586358
586471
586584
586697
586810
586923
587036
587149
587262
587375
587488
587601
587714
587827
587940
588053
588166
588279
588392
588505
588618
588731
588844
588957
589070
589183
589296
589409
589522
589635
589748
589861
589974
590087
590200
590313
590426
590539
590652
590765
590878
590991
591104
591217
591330
591443
591556
591669
591782
591895
592008
592121
592234
592347
592460
592573
592686
592799
592912
593025
593138
593251
593364
593477
593590
593703
593816
593929
594042
594155
594268
594381
594494
594607
594720
594833
594946
595059
595172
595285
595398
595511
595624
595737
595850
595963
596076
596189
596302
596415
596528
596641
596754
596867
596980
597093
597206
597319
597432
597545
597658
597771
597884
597997
598110
598223
598336
598449
598562
598675
598788
598901
599014
599127
599240
599353
599466
599579
599692
599805
599918
600031
600144
600257
600370
600483
600596
600709
600822
600935
601048
601161
601274
601387
601500
601613
601726
601839
601952
602065
602178
602291
602404
602517
602630
602743
602856
602969
603082
603195
603308
603421
603534
603647
603760
603873
603986
604099
604212
604325
604438
604551
604664
604777
604890
605003
605116
605229
605342
605455
605568
605681
605794
605907
606020
606133
606246
606359
606472
606585
606698
606811
606924
607037
607150
607263
607376
607489
607602
607715
607828
607941
608054
608167
608280
608393
608506
608619
608732
608845
608958
609071
609184
609297
609410
609523
609636
609749
609862
609975
610088
610201
610314
610427
610540
610653
610766
610879
610992
611105
611218
611331
611444
611557
611670
611783
611896
612009
612122
612235
612348
612461
612574
612687
612800
612913
613026
613139
613252
613365
613478
613591
613704
613817
613930
614043
614156
614269
614382
614495
614608
614721
614834
614947
615060
615173
615286
615399
615512
615625
615738
615851
615964
616077
616190
616303
616416
616529
616642
616755
616868
616981
617094
617207
617320
617433
617546
617659
617772
617885
617998
618111
618224
618337
618450
618563
618676
618789
618902
619015
619128
619241
619354
619467
619580
619693
619806
619919
620032
620145
620258
620371
620484
620597
620710
620823
620936
621049
621162
621275
621388
621501
621614
621727
621840
621953
622066
622179
622292
622405
622518
622631
622744
622857
622970
623083
623196
623309
623422
623535
623648
623761
623874
623987
624100
624213
624326
624439
624552
624665
624778
624891
625004
625117
625230
625343
625456
625569
625682
625795
625908
626021
626134
626247
626360
626473
626586
626699
626812
626925
627038
627151
627264
627377
627490
627603
627716
627829
627942
628055
628168
628281
628394
628507
628620
628733
628846
628959
629072
629185
629298
629411
629524
629637
629750
629863
629976
630089
630202
630315
630428
630541
630654
630767
630880
630993
631106
631219
631332
631445
631558
631671
631784
631897
632010
632123
632236
632349
632462
632575
632688
632801
632914
633027
633140
633253
633366
633479
633592
633705
633818
633931
634044
634157
634270
634383
634496
634609
634722
634835
634948
635061
635174
635287
635400
635513
635626
635739
635852
635965
636078
636191
636304
636417
636530
636643
636756
636869
636982
637095
637208
637321
637434
637547
637660
637773
637886
637999
638112
638225
638338
638451
638564
638677
638790
638903
639016
639129
639242
639355
639468
639581
639694
639807
639920
640033
640146
640259
640372
640485
640598
640711
640824
640937
641050
641163
641276
641389
641502
641615
641728
641841
641954
642067
642180
642293
642406
642519
642632
642745
642858
642971
643084
643197
643310
643423
643536
643649
643762
643875
643988
644101
644214
644327
644440
644553
644666
644779
644892
645005
645118
645231
645344
645457
645570
645683
645796
645909
646022
646135
646248
646361
646474
646587
646700
646813
646926
647039
647152
647265
647378
647491
647604
647717
647830
647943
648056
648169
648282
648395
648508
648621
648734
648847
648960
649073
649186
649299
649412
649525
649638
649751
649864
649977
650090
650203
650316
650429
650542
650655
650768
650881
650994
651107
651220
651333
651446
651559
651672
651785
651898
652011
652124
652237
652350
652463
652576
652689
652802
652915
653028
653141
653254
653367
653480
653593
653706
653819
653932
654045
654158
654271
654384
654497
654610
654723
654836
654949
655062
655175
655288
655401
655514
655627
655740
655853
655966
656079
656192
656305
656418
656531
656644
656757
656870
656983
657096
657209
657322
657435
657548
657661
657774
657887
658000
658113
658226
658339
658452
658565
658678
658791
658904
659017
659130
659243
659356
659469
659582
659695
659808
659921
660034
660147
660260
660373
660486
660599
660712
660825
660938
661051
661164
661277
661390
661503
661616
661729
661842
661955
662068
662181
662294
662407
662520
662633
662746
662859
662972
663085
663198
663311
663424
663537
663650
663763
663876
663989
664102
664215
664328
664441
664554
664667
664780
664893
665006
665119
665232
665345
665458
665571
665684
665797
665910
666023
666136
666249
666362
666475
666588
666701
666814
666927
667040
667153
667266
667379
667492
667605
667718
667831
667944
668057
668170
668283
668396
668509
668622
668735
668848
668961
669074
669187
669300
669413
669526
669639
669752
669865
669978
670091
670204
670317
670430
670543
670656
670769
670882
670995
671108
671221
671334
671447
671560
671673
671786
671899
672012
672125
672238
672351
672464
672577
672690
672803
672916
673029
673142
673255
673368
673481
673594
673707
673820
673933
674046
674159
674272
674385
674498
674611
674724
674837
674950
675063
675176
675289
675402
675515
675628
675741
675854
675967
676080
676193
676306
676419
676532
676645
676758
676871
676984
677097
677210
677323
677436
677549
677662
677775
677888
678001
678114
678227
678340
678453
678566
678679
678792
678905
679018
679131
679244
679357
679470
679583
679696
679809
679922
680035
680148
680261
680374
680487
680600
680713
680826
680939
681052
681165
681278
681391
681504
681617
681730
681843
681956
682069
682182
682295
682408
682521
682634
682747
682860
682973
683086
683199
683312
683425
683538
683651
683764
683877
683990
684103
684216
684329
684442
684555
684668
684781
684894
685007
685120
685233
685346
685459
685572
685685
685798
685911
686024
686137
686250
686363
686476
686589
686702
686815
686928
687041
687154
687267
687380
687493
687606
687719
687832
687945
688058
688171
688284
688397
688510
688623
688736
688849
688962
689075
689188
689301
689414
689527
689640
689753
689866
689979
690092
690205
690318
690431
690544
690657
690770
690883
690996
691109
691222
691335
691448
691561
691674
691787
691900
692013
692126
692239
692352
692465
692578
692691
692804
692917
693030
693143
693256
693369
693482
693595
693708
693821
693934
694047
694160
694273
694386
694499
694612
694725
694838
694951
695064
695177
695290
695403
695516
695629
695742
695855
695968
696081
696194
696307
696420
696533
696646
696759
696872
696985
697098
697211
697324
697437
697550
697663
697776
697889
698002
698115
698228
698341
698454
698567
698680
698793
698906
699019
699132
699245
699358
699471
699584
699697
699810
699923
700036
700149
700262
700375
700488
700601
700714
700827
700940
701053
701166
701279
701392
701505
701618
701731
701844
701957
702070
702183
702296
702409
702522
702635
702748
702861
702974
703087
703200
703313
703426
703539
703652
703765
703878
703991
704104
704217
704330
704443
704556
704669
704782
704895
705008
705121
705234
705347
705460
705573
705686
705799
705912
706025
706138
706251
706364
706477
706590
706703
706816
706929
707042
707155
707268
707381
707494
707607
707720
707833
707946
708059
708172
708285
708398
708511
708624
708737
708850
708963
709076
709189
709302
709415
709528
709641
709754
709867
709980
710093
710206
710319
710432
710545
710658
710771
710884
710997
711110
711223
711336
711449
711562
711675
711788
711901
712014
712127
712240
712353
712466
712579
712692
712805
712918
713031
713144
713257
713370
713483
713596
713709
713822
713935
714048
714161
714274
714387
714500
714613
714726
714839
714952
715065
715178
715291
715404
715517
715630
715743
715856
715969
716082
716195
716308
716421
716534
716647
716760
716873
716986
717099
717212
717325
717438
717551
717664
717777
717890
718003
718116
718229
718342
718455
718568
718681
718794
718907
719020
719133
719246
719359
719472
719585
719698
719811
719924
720037
720150
720263
720376
720489
720602
720715
720828
720941
721054
721167
721280
721393
721506
721619
721732
721845
721958
722071
722184
722297
722410
722523
722636
722749
722862
722975
723088
723201
723314
723427
723540
723653
723766
723879
723992
724105
724218
724331
724444
724557
724670
724783
724896
725009
725122
725235
725348
725461
725574
725687
725800
725913
726026
726139
726252
726365
726478
726591
726704
726817
726930
727043
727156
727269
727382
727495
727608
727721
727834
727947
728060
728173
728286
728399
728512
728625
728738
728851
728964
729077
729190
729303
729416
729529
729642
729755
729868
729981
730094
730207
730320
730433
730546
730659
730772
730885
730998
731111
731224
731337
731450
731563
731676
731789
731902
732015
732128
732241
732354
732467
732580
732693
732806
732919
733032
733145
733258
733371
733484
733597
733710
733823
733936
734049
734162
734275
734388
734501
734614
734727
734840
734953
735066
735179
735292
735405
735518
735631
735744
735857
735970
736083
736196
736309
736422
736535
736648
736761
736874
736987
737100
737213
737326
737439
737552
737665
737778
737891
738004
738117
738230
738343
738456
738569
738682
738795
738908
739021
739134
739247
739360
739473
739586
739699
739812
739925
740038
740151
740264
740377
740490
740603
740716
740829
740942
741055
741168
741281
741394
741507
741620
741733
741846
741959
742072
742185
742298
742411
742524
742637
742750
742863
742976
743089
743202
743315
743428
743541
743654
743767
743880
743993
744106
744219
744332
744445
744558
744671
744784
744897
745010
745123
745236
745349
745462
745575
745688
745801
745914
746027
746140
746253
746366
746479
746592
746705
746818
746931
747044
747157
747270
747383
747496
747609
747722
747835
747948
748061
748174
748287
748400
748513
748626
748739
748852
748965
749078
749191
749304
749417
749530
749643
749756
749869
749982
750095
750208
750321
750434
750547
750660
750773
750886
750999
751112
751225
751338
751451
751564
751677
751790
751903
752016
752129
752242
752355
752468
752581
752694
752807
752920
753033
753146
753259
753372
753485
753598
753711
753824
753937
754050
754163
754276
754389
754502
754615
754728
754841
754954
755067
755180
755293
755406
755519
755632
755745
755858
755971
756084
756197
756310
756423
756536
756649
756762
756875
756988
757101
757214
757327
757440
757553
757666
757779
757892
758005
758118
758231
758344
758457
758570
758683
758796
758909
759022
759135
759248
759361
759474
759587
759700
759813
759926
760039
760152
760265
760378
760491
760604
760717
760830
760943
761056
761169
761282
761395
761508
761621
761734
761847
761960
762073
762186
762299
762412
762525
762638
762751
762864
762977
763090
763203
763316
763429
763542
763655
763768
763881
763994
764107
764220
764333
764446
764559
764672
764785
764898
765011
765124
765237
765350
765463
765576
765689
765802
765915
766028
766141
766254
766367
766480
766593
766706
766819
766932
767045
767158
767271
767384
767497
767610
767723
767836
767949
768062
768175
768288
768401
768514
768627
768740
768853
768966
769079
769192
769305
769418
769531
769644
769757
769870
769983
770096
770209
770322
770435
770548
770661
770774
770887
771000
771113
771226
771339
771452
771565
771678
771791
771904
772017
772130
772243
772356
772469
772582
772695
772808
772921
773034
773147
773260
773373
773486
773599
773712
773825
773938
774051
774164
774277
774390
774503
774616
774729
774842
774955
775068
775181
775294
775407
775520
775633
775746
775859
775972
776085
776198
776311
776424
776537
776650
776763
776876
776989
777102
777215
777328
777441
777554
777667
777780
777893
778006
778119
778232
778345
778458
778571
778684
778797
778910
779023
779136
779249
779362
779475
779588
779701
779814
779927
780040
780153
780266
780379
780492
780605
780718
780831
780944
781057
781170
781283
781396
781509
781622
781735
781848
781961
782074
782187
782300
782413
782526
782639
782752
782865
782978
783091
783204
783317
783430
783543
783656
783769
783882
783995
784108
784221
784334
784447
784560
784673
784786
784899
785012
785125
785238
785351
785464
785577
785690
785803
785916
786029
786142
786255
786368
786481
786594
786707
786820
786933
787046
787159
787272
787385
787498
787611
787724
787837
787950
788063
788176
788289
788402
788515
788628
788741
788854
788967
789080
789193
789306
789419
789532
789645
789758
789871
789984
790097
790210
790323
790436
790549
790662
790775
790888
791001
791114
791227
791340
791453
791566
791679
791792
791905
792018
792131
792244
792357
792470
792583
792696
792809
792922
793035
793148
793261
793374
793487
793600
793713
793826
793939
794052
794165
794278
794391
794504
794617
794730
794843
794956
795069
795182
795295
795408
795521
795634
795747
795860
795973
796086
796199
796312
796425
796538
796651
796764
796877
796990
797103
797216
797329
797442
797555
797668
797781
797894
798007
798120
798233
798346
798459
798572
798685
798798
798911
799024
799137
799250
799363
799476
799589
799702
799815
799928
800041
800154
800267
800380
800493
800606
800719
800832
800945
801058
801171
801284
801397
801510
801623
801736
801849
801962
802075
802188
802301
802414
802527
802640
802753
802866
802979
803092
803205
803318
803431
803544
803657
803770
803883
803996
804109
804222
804335
804448
804561
804674
804787
804900
805013
805126
805239
805352
805465
805578
805691
805804
805917
806030
806143
806256
806369
806482
806595
806708
806821
806934
807047
807160
807273
807386
807499
807612
807725
807838
807951
808064
808177
808290
808403
808516
808629
808742
808855
808968
809081
809194
809307
809420
809533
809646
809759
809872
809985
810098
810211
810324
810437
810550
810663
810776
810889
811002
811115
811228
811341
811454
811567
811680
811793
811906
812019
812132
812245
812358
812471
812584
812697
812810
812923
813036
813149
813262
813375
813488
813601
813714
813827
813940
814053
814166
814279
814392
814505
814618
814731
814844
814957
815070
815183
815296
815409
815522
815635
815748
815861
815974
816087
816200
816313
816426
816539
816652
816765
816878
816991
817104
817217
817330
817443
817556
817669
817782
817895
818008
818121
818234
818347
818460
818573
818686
818799
818912
819025
819138
819251
819364
819477
819590
819703
819816
819929
820042
820155
820268
820381
820494
820607
820720
820833
820946
821059
821172
821285
821398
821511
821624
821737
821850
821963
822076
822189
822302
822415
822528
822641
822754
822867
822980
823093
823206
823319
823432
823545
823658
823771
823884
823997
824110
824223
824336
824449
824562
824675
824788
824901
825014
825127
825240
825353
825466
825579
825692
825805
825918
826031
826144
826257
826370
826483
826596
826709
826822
826935
827048
827161
827274
827387
827500
827613
827726
827839
827952
828065
828178
828291
828404
828517
828630
828743
828856
828969
829082
829195
829308
829421
829534
829647
829760
829873
829986
830099
830212
830325
830438
830551
830664
830777
830890
831003
831116
831229
831342
831455
831568
831681
831794
831907
832020
832133
832246
832359
832472
832585
832698
832811
832924
833037
833150
833263
833376
833489
833602
833715
833828
833941
834054
834167
834280
834393
834506
834619
834732
834845
834958
835071
835184
835297
835410
835523
835636
835749
835862
835975
836088
836201
836314
836427
836540
836653
836766
836879
836992
837105
837218
837331
837444
837557
837670
837783
837896
838009
838122
838235
838348
838461
838574
838687
838800
838913
839026
839139
839252
839365
839478
839591
839704
839817
839930
840043
840156
840269
840382
840495
840608
840721
840834
840947
841060
841173
841286
841399
841512
841625
841738
841851
841964
842077
842190
842303
842416
842529
842642
842755
842868
842981
843094
843207
843320
843433
843546
843659
843772
843885
843998
844111
844224
844337
844450
844563
844676
844789
844902
845015
845128
845241
845354
845467
845580
845693
845806
845919
846032
846145
846258
846371
846484
846597
846710
846823
846936
847049
847162
847275
847388
847501
847614
847727
847840
847953
848066
848179
848292
848405
848518
848631
848744
848857
848970
849083
849196
849309
849422
849535
849648
849761
849874
849987
850100
850213
850326
850439
850552
850665
850778
850891
851004
851117
851230
851343
851456
851569
851682
851795
851908
852021
852134
852247
852360
852473
852586
852699
852812
852925
853038
853151
853264
853377
853490
853603
853716
853829
853942
854055
854168
854281
854394
854507
854620
854733
854846
854959
855072
855185
855298
855411
855524
855637
855750
855863
855976
856089
856202
856315
856428
856541
856654
856767
856880
856993
857106
857219
857332
857445
857558
857671
857784
857897
858010
858123
858236
858349
858462
858575
858688
858801
858914
859027
859140
859253
859366
859479
859592
859705
859818
859931
860044
860157
860270
860383
860496
860609
860722
860835
860948
861061
861174
861287
861400
861513
861626
861739
861852
861965
862078
862191
862304
862417
862530
862643
862756
862869
862982
863095
863208
863321
863434
863547
863660
863773
863886
863999
864112
864225
864338
864451
864564
864677
864790
864903
865016
865129
865242
865355
865468
865581
865694
865807
865920
866033
866146
866259
866372
866485
866598
866711
866824
866937
867050
867163
867276
867389
867502
867615
867728
867841
867954
868067
868180
868293
868406
868519
868632
868745
868858
868971
869084
869197
869310
869423
869536
869649
869762
869875
869988
870101
870214
870327
870440
870553
870666
870779
870892
871005
871118
871231
871344
871457
871570
871683
871796
871909
872022
872135
872248
872361
872474
872587
872700
872813
872926
873039
873152
873265
873378
873491
873604
873717
873830
873943
874056
874169
874282
874395
874508
874621
874734
874847
874960
875073
875186
875299
875412
875525
875638
875751
875864
875977
876090
876203
876316
876429
876542
876655
876768
876881
876994
877107
877220
877333
877446
877559
877672
877785
877898
878011
878124
878237
878350
878463
878576
878689
878802
878915
879028
879141
879254
879367
879480
879593
879706
879819
879932
880045
880158
880271
880384
880497
880610
880723
880836
880949
881062
881175
881288
881401
881514
881627
881740
881853
881966
882079
882192
882305
882418
882531
882644
882757
882870
882983
883096
883209
883322
883435
883548
883661
883774
883887
884000
884113
884226
884339
884452
884565
884678
884791
884904
885017
885130
885243
885356
885469
885582
885695
885808
885921
886034
886147
886260
886373
886486
886599
886712
886825
886938
887051
887164
887277
887390
887503
887616
887729
887842
887955
888068
888181
888294
888407
888520
888633
888746
888859
888972
889085
889198
889311
889424
889537
889650
889763
889876
889989
890102
890215
890328
890441
890554
890667
890780
890893
891006
891119
891232
891345
891458
891571
891684
891797
891910
892023
892136
892249
892362
892475
892588
892701
892814
892927
893040
893153
893266
893379
893492
893605
893718
893831
893944
894057
894170
894283
894396
894509
894622
894735
894848
894961
895074
895187
895300
895413
895526
895639
895752
895865
895978
896091
896204
896317
896430
896543
896656
896769
896882
896995
897108
897221
897334
897447
897560
897673
897786
897899
898012
898125
898238
898351
898464
898577
898690
898803
898916
899029
899142
899255
899368
899481
899594
899707
899820
899933
900046
900159
900272
900385
900498
900611
900724
900837
900950
901063
901176
901289
901402
901515
901628
901741
901854
901967
902080
902193
902306
902419
902532
902645
902758
902871
902984
903097
903210
903323
903436
903549
903662
903775
903888
904001
904114
904227
904340
904453
904566
904679
904792
904905
905018
905131
905244
905357
905470
905583
905696
905809
905922
906035
906148
906261
906374
906487
906600
906713
906826
906939
907052
907165
907278
907391
907504
907617
907730
907843
907956
908069
908182
908295
908408
908521
908634
908747
908860
908973
909086
909199
909312
909425
909538
909651
909764
909877
909990
910103
910216
910329
910442
910555
910668
910781
910894
911007
911120
911233
911346
911459
911572
911685
911798
911911
912024
912137
912250
912363
912476
912589
912702
912815
912928
913041
913154
913267
913380
913493
913606
913719
913832
913945
914058
914171
914284
914397
914510
914623
914736
914849
914962
915075
915188
915301
915414
915527
915640
915753
915866
915979
916092
916205
916318
916431
916544
916657
916770
916883
916996
917109
917222
917335
917448
917561
917674
917787
917900
918013
918126
918239
918352
918465
918578
918691
918804
918917
919030
919143
919256
919369
919482
919595
919708
919821
919934
920047
920160
920273
920386
920499
920612
920725
920838
920951
921064
921177
921290
921403
921516
921629
921742
921855
921968
922081
922194
922307
922420
922533
922646
922759
922872
922985
923098
923211
923324
923437
923550
923663
923776
923889
924002
924115
924228
924341
924454
924567
924680
924793
924906
925019
925132
925245
925358
925471
925584
925697
925810
925923
926036
926149
926262
926375
926488
926601
926714
926827
926940
927053
927166
927279
927392
927505
927618
927731
927844
927957
928070
928183
928296
928409
928522
928635
928748
928861
928974
929087
929200
929313
929426
929539
929652
929765
929878
929991
930104
930217
930330
930443
930556
930669
930782
930895
931008
931121
931234
931347
931460
931573
931686
931799
931912
932025
932138
932251
932364
932477
932590
932703
932816
932929
933042
933155
933268
933381
933494
933607
933720
933833
933946
934059
934172
934285
934398
934511
934624
934737
934850
934963
935076
935189
935302
935415
935528
935641
935754
935867
935980
936093
936206
936319
936432
936545
936658
936771
936884
936997
937110
937223
937336
937449
937562
937675
937788
937901
938014
938127
938240
938353
938466
938579
938692
938805
938918
939031
939144
939257
939370
939483
939596
939709
939822
939935
940048
940161
940274
940387
940500
940613
940726
940839
940952
941065
941178
941291
941404
941517
941630
941743
941856
941969
942082
942195
942308
942421
942534
942647
942760
942873
942986
943099
943212
943325
943438
943551
943664
943777
943890
944003
944116
944229
944342
944455
944568
944681
944794
944907
945020
945133
945246
945359
945472
945585
945698
945811
945924
946037
946150
946263
946376
946489
946602
946715
946828
946941
947054
947167
947280
947393
947506
947619
947732
947845
947958
948071
948184
948297
948410
948523
948636
948749
948862
948975
949088
949201
949314
949427
949540
949653
949766
949879
949992
950105
950218
950331
950444
950557
950670
950783
950896
951009
951122
951235
951348
951461
951574
951687
951800
951913
952026
952139
952252
952365
952478
952591
952704
952817
952930
953043
953156
953269
953382
953495
953608
953721
953834
953947
954060
954173
954286
954399
954512
954625
954738
954851
954964
955077
955190
955303
955416
955529
955642
955755
955868
955981
956094
956207
956320
956433
956546
956659
956772
956885
956998
957111
957224
957337
957450
957563
957676
957789
957902
958015
958128
958241
958354
958467
958580
958693
958806
958919
959032
959145
959258
959371
959484
959597
959710
959823
959936
960049
960162
960275
960388
960501
960614
960727
960840
960953
961066
961179
961292
961405
961518
961631
961744
961857
961970
962083
962196
962309
962422
962535
962648
962761
962874
962987
963100
963213
963326
963439
963552
963665
963778
963891
964004
964117
964230
964343
964456
964569
964682
964795
964908
965021
965134
965247
965360
965473
965586
965699
965812
965925
966038
966151
966264
966377
966490
966603
966716
966829
966942
967055
967168
967281
967394
967507
967620
967733
967846
967959
968072
968185
968298
968411
968524
968637
968750
968863
968976
969089
969202
969315
969428
969541
969654
969767
969880
969993
970106
970219
970332
970445
970558
970671
970784
970897
971010
971123
971236
971349
971462
971575
971688
971801
971914
972027
972140
972253
972366
972479
972592
972705
972818
972931
973044
973157
973270
973383
973496
973609
973722
973835
973948
974061
974174
974287
974400
974513
974626
974739
974852
974965
975078
975191
975304
975417
975530
975643
975756
975869
975982
976095
976208
976321
976434
976547
976660
976773
976886
976999
977112
977225
977338
977451
977564
977677
977790
977903
978016
978129
978242
978355
978468
978581
978694
978807
978920
979033
979146
979259
979372
979485
979598
979711
979824
979937
980050
980163
980276
980389
980502
980615
980728
980841
980954
981067
981180
981293
981406
981519
981632
981745
981858
981971
982084
982197
982310
982423
982536
982649
982762
982875
982988
983101
983214
983327
983440
983553
983666
983779
983892
984005
984118
984231
984344
984457
984570
984683
984796
984909
985022
985135
985248
985361
985474
985587
985700
985813
985926
986039
986152
986265
986378
986491
986604
986717
986830
986943
987056
987169
987282
987395
987508
987621
987734
987847
987960
988073
988186
988299
988412
988525
988638
988751
988864
988977
989090
989203
989316
989429
989542
989655
989768
989881
989994
990107
990220
990333
990446
990559
990672
990785
990898
991011
991124
991237
991350
991463
991576
991689
991802
991915
992028
992141
992254
992367
992480
992593
992706
992819
992932
993045
993158
993271
993384
993497
993610
993723
993836
993949
994062
994175
994288
994401
994514
994627
994740
994853
994966
995079
995192
995305
995418
995531
995644
995757
995870
995983
996096
996209
996322
996435
996548
996661
996774
996887
997000
997113
997226
997339
997452
997565
997678
997791
997904
998017
998130
998243
998356
998469
998582
998695
998808
998921
999034
999147
999260
999373
999486
999599
999712
999825
999938
1
